 0.95067195 -0.30460737 0.058627517 0.15491386 0.30246761 -0.9404866 0.26874623 0.90317645 0.33473538
 0.72123389 -0.64017462 0.26457162 0.56065917 0.31519714 -0.76571016 0.40679599 0.70059062 0.58625063
 0.31302684 -0.38368499 0.86879228 0.79774944 -0.39017125 -0.45974147 0.51537368 0.83698998 0.18395041
 0.71727365 -0.00062914602 0.6967913 0.68984299 -0.14023136 -0.71024772 0.098158839 0.99011856 -0.10015025
 0.46045938 0.62419395 -0.63115693 0.71324419 0.16312326 0.68166966 0.52845045 -0.76405021 -0.37009107
 0.91218815 -0.38434539 0.14209642 0.36117982 0.59033675 -0.72183908 0.19355079 0.70977542 0.67731599
 0.71086253 -0.69013251 -0.13561554 0.099154645 0.28922901 -0.95211078 0.69630656 0.66337297 0.27403191
 0.56854629 -0.77644961 -0.27181082 0.79054267 0.60708024 -0.080596936 0.22759044 -0.16905497 0.95896976
 0.30262399 0.66135454 0.68631545 0.92361683 -0.38123591 -0.039889118 0.23526724 0.6459639 -0.72620931
 0.82380074 -0.55172774 -0.13018773 0.20467204 0.50364926 -0.83931328 0.52864138 0.66478111 0.52782987
 0.19864916 0.88154287 0.42827641 0.55652439 -0.46116035 0.6910946 0.80673361 0.1010609 -0.58220922
 0.54220551 0.68033915 0.49310427 0.58518495 -0.72688699 0.35943549 0.60296912 0.093669296 -0.79224637
 0.14606 0.86601226 -0.47821465 0.66966471 0.26925477 0.69213513 0.72815908 -0.42133673 -0.5406105
 0.73307402 -0.60807333 -0.30471186 0.27697127 0.67606743 -0.68280286 0.62119997 0.41614861 0.6640263
 0.48141874 -0.76390567 0.4297489 0.76557953 0.12775866 -0.63052812 0.42675986 0.63255501 0.64633596
 0.55999701 -0.77129978 0.30248967 0.8124511 0.43973861 -0.38282263 0.16225462 0.46013759 0.87289566
 0.3839394 0.73278595 -0.56179648 0.60438596 0.26054083 0.75288518 0.6980746 -0.62860419 -0.34285365
 0.50016412 0.86471868 0.045798058 0.64488974 -0.40726475 0.64672455 0.57788673 -0.29393371 -0.76134742
 0.068541025 0.93384072 0.35106073 0.98616014 -0.11666638 0.11780125 0.15096459 0.33812788 -0.92891293
 0.68261337 -0.46398383 0.56458657 0.70394112 0.21003145 -0.67849369 0.19622917 0.86058457 0.46998757
 0.20899242 0.85305244 0.47814612 0.77356962 -0.44333148 0.45282143 0.59825765 0.27524306 -0.75254836
 0.50034004 0.72134491 0.4788751 0.79014731 -0.60655171 0.088103672 0.35401565 0.33430007 -0.87345085
 0.28514815 0.49509763 0.82071242 0.7119589 -0.68268857 0.16447141 0.64172039 0.53741479 -0.54715654
 0.14703637 0.84600835 0.51249407 0.98183195 -0.18766126 0.028093965 0.11994301 0.49905222 -0.85823106
 0.77597718 -0.61994915 -0.11628614 0.26600996 0.48880431 -0.83084839 0.57192492 0.61378612 0.54421364
 0.79140292 -0.28715967 0.53964872 0.6065484 0.25908287 -0.75164826 0.076029331 0.9221797 0.37921518
 0.32768177 0.85028199 0.41188006 0.65493456 -0.5186352 0.54961645 0.68094448 0.089655193 -0.72682637
 0.58100242 -0.81185157 0.057734058 0.60697423 0.38493803 -0.69527333 0.54223471 0.43899857 0.7164229
 0.23525131 0.7479985 -0.62060863 0.25675274 0.5680197 0.78194095 0.93740858 -0.3432956 -0.058423289
 0.98225634 -0.14573052 -0.11804702 0.0042430728 0.6465461 -0.76286312 0.18749528 0.74882626 0.63569235
 0.49199012 0.19822293 0.84773427 0.77407852 -0.54523112 -0.32175374 0.39843214 0.81451255 -0.42168844
 0.44317744 -0.71240093 0.54413112 0.52176496 -0.28858845 -0.80279389 0.72894107 0.63968869 0.24380996
 0.5633907 0.80368028 -0.19154354 0.60144843 -0.24001214 0.76200653 0.56643684 -0.54451096 -0.61859286
 0.75992762 -0.51756949 -0.39323254 0.57672029 0.81593236 0.040596807 0.29983948 -0.25763582 0.91854236
 0.37536198 0.57584714 -0.72629433 0.59843593 0.44781221 0.66433325 0.70779787 -0.68400607 -0.17651594
 0.9264978 -0.33561079 -0.17019762 0.18967843 0.80714394 -0.55905345 0.32499834 0.48567897 0.81147521
 0.27158974 0.35818831 -0.89327495 0.51751849 0.7281954 0.44933958 0.8114269 -0.58432233 0.012401326
 0.80332507 -0.43279864 0.40908945 0.57953485 0.40992541 -0.70434404 0.13714298 0.80289881 0.58012525
 0.73934201 -0.63543874 -0.22269039 0.52586095 0.75147864 -0.39843459 0.42052784 0.17747525 0.88975214
 0.56454704 -0.048627115 0.82396726 0.66943494 -0.55699687 -0.49153976 0.48284934 0.8290898 -0.28189825
 0.15939391 -0.24537505 -0.95623463 0.32779836 0.92681772 -0.18318609 0.9312045 -0.28425339 0.22816263
 0.88907113 -0.23186066 -0.39470643 0.063832866 0.91660867 -0.39465669 0.4532967 0.32568263 0.82973064
 0.68408578 -0.62715614 -0.37242693 0.45760764 0.76662433 -0.45042467 0.56799814 0.1377037 0.81142825
 0.40716315 -0.90933146 -0.085641529 0.0041125397 0.095590122 -0.99541228 0.91334619 0.40494299 0.042660437
 0.77105664 0.41445711 -0.48342214 0.46404741 0.15413219 0.87229769 0.43604089 -0.89692172 -0.073483099
 0.85870979 -0.43309947 -0.27393857 0.19743237 0.77288458 -0.60305048 0.47290374 0.46376102 0.74919141
 0.091684176 0.81078008 0.57812601 0.76229452 -0.43069351 0.48312542 0.64070358 0.39640733 -0.65754099
 0.186996 0.48423752 0.85472014 0.91014434 -0.41283007 0.034765133 0.36968876 0.77141776 -0.51792361
 0.9483757 -0.1790709 -0.26175781 0.033369577 0.87710659 -0.47913516 0.31538866 0.44566539 0.8378021
 0.69685329 -0.68154971 0.22335059 0.60358976 0.38908606 -0.69591051 0.387395 0.61975966 0.68251233
 0.99894052 -0.032264543 0.032815086 0.041230926 0.31074666 -0.94959808 0.02044117 0.949945 0.31174773
 0.74589196 -0.29469133 0.59732922 0.55927937 -0.20994367 -0.80195401 0.36173438 0.93224497 0.0082194888
 0.067978052 -0.091063737 0.99352221 0.88914126 -0.44618202 -0.10173209 0.45255585 0.89029714 0.050637941
 0.82410316 -0.5184773 -0.22811238 0.19545151 0.63826056 -0.7445953 0.5316509 0.56903843 0.62732972
 0.98839652 -0.069850315 -0.13488239 0.049653907 0.98778786 -0.14768084 0.14355074 0.13926979 0.97979442
 0.22580042 0.96650434 0.12199809 0.94296768 -0.24828975 0.22172991 0.2445938 0.064973548 -0.96744628
 0.04550056 0.61270668 0.78899951 0.96343308 -0.23568831 0.12746656 0.26405757 0.75434843 -0.60102583
 0.65442831 -0.59930209 -0.46104294 0.64937798 0.7578248 -0.063323054 0.38733941 -0.25795074 0.88511558
 0.6015285 0.63863204 -0.47990892 0.36633631 0.31333406 0.87613896 0.70990222 -0.70283062 -0.045474741
 0.50310246 -0.39273929 0.7698336 0.86209032 0.16546837 -0.47897861 0.06073061 0.9046414 0.42182428
 0.905705 -0.33437292 0.26056325 0.40526043 0.50267453 -0.76359826 0.12434807 0.79719073 0.59078295
 0.26851544 0.543709 -0.79516034 0.26978718 0.74999119 0.60392723 0.92472392 -0.37668785 0.054698499
 0.96722796 -0.19188718 0.16628104 0.25381724 0.71303784 -0.65357008 0.006847046 0.67435625 0.73837441
 0.025038463 0.20804565 0.97779859 0.99128112 -0.13173735 0.0026459715 0.12936308 0.96920704 -0.20953023
 0.69430477 0.46574767 -0.54865288 0.42415881 0.35105975 0.83477324 0.58140364 -0.812303 0.04619148
 0.059148887 0.87056926 0.48847781 0.9851873 -0.12980887 0.11205193 0.16095772 0.47461439 -0.86535183
 0.77569472 -0.018337551 -0.63084184 0.42185153 0.75852682 0.49666724 0.4694028 -0.65138375 0.59612098
 0.063023649 0.77761281 -0.6255768 0.3321676 0.57474213 0.7478878 0.94111248 -0.25493096 -0.22207544
 0.59194782 0.80575778 -0.018766299 0.49520189 -0.34523085 0.79723945 0.63590319 -0.48121726 -0.60337143
 0.76008154 -0.085674376 0.64415523 0.64705038 0.0082323381 -0.7624028 0.060015481 0.99628918 0.061692886
 0.2192007 0.97464637 -0.044894314 0.43136437 -0.055537613 0.90046674 0.87514332 -0.21674875 -0.4326016
 0.59910656 0.17206263 -0.78196278 0.03145409 0.97082468 0.23771848 0.80005123 -0.16701463 0.57621536
 0.54709032 0.5709173 0.6121647 0.48558953 -0.81214576 0.32345337 0.68183209 0.12030256 -0.72154854
 0.78018546 -0.57883058 0.23720417 0.4689937 0.29031756 -0.83412267 0.41395117 0.76201764 0.49796943
 0.69919249 -0.56928666 0.43248417 0.629046 0.20239276 -0.75055866 0.33975137 0.79683742 0.49961899
 0.56386054 0.60448924 -0.56272022 0.42668759 0.37015359 0.82518121 0.70710608 -0.70539285 -0.049213055
 0.30856216 -0.0033207661 0.95119838 0.55358787 -0.81256665 -0.18241685 0.77351785 0.58285883 -0.24888898
 0.671017 0.44273671 -0.59474397 0.42674428 0.42534419 0.79810503 0.60632128 -0.78934564 0.096477823
 0.82054541 -0.57125515 -0.019307524 0.054840907 0.11230637 -0.99215914 0.56894437 0.81305279 0.12348063
 0.28721471 0.34007112 -0.89546599 0.61865858 0.64785194 0.44446532 0.7312792 -0.6816447 -0.024315313
 0.30298292 0.86499311 -0.39998534 0.41829256 0.25641686 0.87136773 0.85629007 -0.43132044 -0.28413025
 0.26542388 -0.17379581 0.94833811 0.69040598 -0.65231097 -0.31277784 0.67297083 0.73775702 -0.053149239
 0.10642757 0.32591313 -0.93939012 0.25778705 0.90340844 0.34263541 0.96032235 -0.27862846 0.012131379
 0.75857969 -0.5477903 -0.35282098 0.47310834 0.83538605 -0.27981895 0.44802383 0.045342425 0.89287105
 0.8363791 -0.5331541 -0.12734485 0.44290349 0.79417914 -0.4160721 0.32296517 0.29159253 0.90037064
 0.47798723 0.87751121 -0.038759356 0.76063059 -0.39144639 0.51789075 0.43928273 -0.27702672 -0.85456824
 0.71834497 0.035056412 0.69480325 0.67507951 -0.27641022 -0.68400661 0.1680719 0.96040014 -0.22222376
 0.2635175 0.9553141 0.13391601 0.51049625 -0.25589406 0.82092132 0.81850602 -0.14796351 -0.55511683
 0.14997521 0.074521347 0.98587728 0.73672867 -0.67341589 -0.061171077 0.65934688 0.7354982 -0.1558977
 0.6827538 -0.36413133 0.63344741 0.63641035 -0.1295175 -0.76039929 0.35892773 0.92229799 0.14330839
 0.67849034 -0.65682257 0.32899084 0.69971288 0.44143745 -0.56172491 0.22372472 0.61132405 0.75909825
 0.66740234 0.26352364 0.69651232 0.63135182 -0.696233 -0.34154719 0.3949291 0.66769372 -0.63104366
 0.39004396 -0.13582232 -0.91072389 0.21128905 0.97587227 -0.055047654 0.89622689 -0.17095498 0.40933086
 0.90078583 -0.086960802 -0.42546764 0.045739561 0.99329437 -0.10617994 0.43184811 0.076184679 0.89872304
 0.22716634 0.3906838 0.89205472 0.97198786 -0.14766766 -0.18284929 0.060291377 0.90860356 -0.41328503
 0.79288776 -0.59313757 -0.13970264 0.41158847 0.69034001 -0.59500051 0.44935947 0.41426862 0.79149073
 0.11609747 0.70529534 -0.69934245 0.42415303 0.60146794 0.67700113 0.8981178 -0.37522634 -0.22932424
 0.7886125 0.2886743 0.54291571 0.6081868 -0.49621886 -0.619577 0.090549055 0.81880034 -0.56689229
 0.66861892 -0.33122937 0.6657596 0.49802038 -0.46539127 -0.73170121 0.55219964 0.82079112 -0.14621043
 0.94826117 -0.18082936 0.26096263 0.24970317 -0.082868646 -0.96476998 0.19608435 0.98001711 -0.033427455
