 0.95067195 -0.30460737 0.058627517 0.15491386 0.30246761 -0.9404866 0.26874623 0.90317645 0.33473538
 0.72123389 -0.64017462 0.26457162 0.56065917 0.31519714 -0.76571016 0.40679599 0.70059062 0.58625063
 0.31302684 -0.38368499 0.86879228 0.79774944 -0.39017125 -0.45974147 0.51537368 0.83698998 0.18395041
 0.71727365 -0.00062914602 0.6967913 0.68984299 -0.14023136 -0.71024772 0.098158839 0.99011856 -0.10015025
 0.46045938 0.62419395 -0.63115693 0.71324419 0.16312326 0.68166966 0.52845045 -0.76405021 -0.37009107
 0.91218815 -0.38434539 0.14209642 0.36117982 0.59033675 -0.72183908 0.19355079 0.70977542 0.67731599
 0.71086253 -0.69013251 -0.13561554 0.099154645 0.28922901 -0.95211078 0.69630656 0.66337297 0.27403191
 0.56854629 -0.77644961 -0.27181082 0.79054267 0.60708024 -0.080596936 0.22759044 -0.16905497 0.95896976
 0.30262399 0.66135454 0.68631545 0.92361683 -0.38123591 -0.039889118 0.23526724 0.6459639 -0.72620931
 0.82380074 -0.55172774 -0.13018773 0.20467204 0.50364926 -0.83931328 0.52864138 0.66478111 0.52782987
 0.19864916 0.88154287 0.42827641 0.55652439 -0.46116035 0.6910946 0.80673361 0.1010609 -0.58220922
 0.54220551 0.68033915 0.49310427 0.58518495 -0.72688699 0.35943549 0.60296912 0.093669296 -0.79224637
 0.14606 0.86601226 -0.47821465 0.66966471 0.26925477 0.69213513 0.72815908 -0.42133673 -0.5406105
 0.73307402 -0.60807333 -0.30471186 0.27697127 0.67606743 -0.68280286 0.62119997 0.41614861 0.6640263
 0.48141874 -0.76390567 0.4297489 0.76557953 0.12775866 -0.63052812 0.42675986 0.63255501 0.64633596
 0.55999701 -0.77129978 0.30248967 0.8124511 0.43973861 -0.38282263 0.16225462 0.46013759 0.87289566
 0.3839394 0.73278595 -0.56179648 0.60438596 0.26054083 0.75288518 0.6980746 -0.62860419 -0.34285365
 0.50016412 0.86471868 0.045798058 0.64488974 -0.40726475 0.64672455 0.57788673 -0.29393371 -0.76134742
 0.068541025 0.93384072 0.35106073 0.98616014 -0.11666638 0.11780125 0.15096459 0.33812788 -0.92891293
 0.68261337 -0.46398383 0.56458657 0.70394112 0.21003145 -0.67849369 0.19622917 0.86058457 0.46998757
 0.20899242 0.85305244 0.47814612 0.77356962 -0.44333148 0.45282143 0.59825765 0.27524306 -0.75254836
 0.50034004 0.72134491 0.4788751 0.79014731 -0.60655171 0.088103672 0.35401565 0.33430007 -0.87345085
 0.28514815 0.49509763 0.82071242 0.7119589 -0.68268857 0.16447141 0.64172039 0.53741479 -0.54715654
 0.14703637 0.84600835 0.51249407 0.98183195 -0.18766126 0.028093965 0.11994301 0.49905222 -0.85823106
 0.77597718 -0.61994915 -0.11628614 0.26600996 0.48880431 -0.83084839 0.57192492 0.61378612 0.54421364
 0.79140292 -0.28715967 0.53964872 0.6065484 0.25908287 -0.75164826 0.076029331 0.9221797 0.37921518
 0.32768177 0.85028199 0.41188006 0.65493456 -0.5186352 0.54961645 0.68094448 0.089655193 -0.72682637
 0.58100242 -0.81185157 0.057734058 0.60697423 0.38493803 -0.69527333 0.54223471 0.43899857 0.7164229
 0.23525131 0.7479985 -0.62060863 0.25675274 0.5680197 0.78194095 0.93740858 -0.3432956 -0.058423289
 0.98225634 -0.14573052 -0.11804702 0.0042430728 0.6465461 -0.76286312 0.18749528 0.74882626 0.63569235
 0.49199012 0.19822293 0.84773427 0.77407852 -0.54523112 -0.32175374 0.39843214 0.81451255 -0.42168844
 0.44317744 -0.71240093 0.54413112 0.52176496 -0.28858845 -0.80279389 0.72894107 0.63968869 0.24380996
 0.5633907 0.80368028 -0.19154354 0.60144843 -0.24001214 0.76200653 0.56643684 -0.54451096 -0.61859286
 0.75992762 -0.51756949 -0.39323254 0.57672029 0.81593236 0.040596807 0.29983948 -0.25763582 0.91854236
 0.37536198 0.57584714 -0.72629433 0.59843593 0.44781221 0.66433325 0.70779787 -0.68400607 -0.17651594
 0.9264978 -0.33561079 -0.17019762 0.18967843 0.80714394 -0.55905345 0.32499834 0.48567897 0.81147521
 0.27158974 0.35818831 -0.89327495 0.51751849 0.7281954 0.44933958 0.8114269 -0.58432233 0.012401326
 0.80332507 -0.43279864 0.40908945 0.57953485 0.40992541 -0.70434404 0.13714298 0.80289881 0.58012525
 0.73934201 -0.63543874 -0.22269039 0.52586095 0.75147864 -0.39843459 0.42052784 0.17747525 0.88975214
 0.56454704 -0.048627115 0.82396726 0.66943494 -0.55699687 -0.49153976 0.48284934 0.8290898 -0.28189825
 0.15939391 -0.24537505 -0.95623463 0.32779836 0.92681772 -0.18318609 0.9312045 -0.28425339 0.22816263
 0.88907113 -0.23186066 -0.39470643 0.063832866 0.91660867 -0.39465669 0.4532967 0.32568263 0.82973064
 0.68408578 -0.62715614 -0.37242693 0.45760764 0.76662433 -0.45042467 0.56799814 0.1377037 0.81142825
 0.40716315 -0.90933146 -0.085641529 0.0041125397 0.095590122 -0.99541228 0.91334619 0.40494299 0.042660437
 0.77105664 0.41445711 -0.48342214 0.46404741 0.15413219 0.87229769 0.43604089 -0.89692172 -0.073483099
 0.85870979 -0.43309947 -0.27393857 0.19743237 0.77288458 -0.60305048 0.47290374 0.46376102 0.74919141
 0.091684176 0.81078008 0.57812601 0.76229452 -0.43069351 0.48312542 0.64070358 0.39640733 -0.65754099
 0.186996 0.48423752 0.85472014 0.91014434 -0.41283007 0.034765133 0.36968876 0.77141776 -0.51792361
 0.9483757 -0.1790709 -0.26175781 0.033369577 0.87710659 -0.47913516 0.31538866 0.44566539 0.8378021
 0.69685329 -0.68154971 0.22335059 0.60358976 0.38908606 -0.69591051 0.387395 0.61975966 0.68251233
 0.99894052 -0.032264543 0.032815086 0.041230926 0.31074666 -0.94959808 0.02044117 0.949945 0.31174773
 0.74589196 -0.29469133 0.59732922 0.55927937 -0.20994367 -0.80195401 0.36173438 0.93224497 0.0082194888
 0.067978052 -0.091063737 0.99352221 0.88914126 -0.44618202 -0.10173209 0.45255585 0.89029714 0.050637941
 0.82410316 -0.5184773 -0.22811238 0.19545151 0.63826056 -0.7445953 0.5316509 0.56903843 0.62732972
 0.98839652 -0.069850315 -0.13488239 0.049653907 0.98778786 -0.14768084 0.14355074 0.13926979 0.97979442
 0.22580042 0.96650434 0.12199809 0.94296768 -0.24828975 0.22172991 0.2445938 0.064973548 -0.96744628
 0.04550056 0.61270668 0.78899951 0.96343308 -0.23568831 0.12746656 0.26405757 0.75434843 -0.60102583
 0.65442831 -0.59930209 -0.46104294 0.64937798 0.7578248 -0.063323054 0.38733941 -0.25795074 0.88511558
 0.6015285 0.63863204 -0.47990892 0.36633631 0.31333406 0.87613896 0.70990222 -0.70283062 -0.045474741
 0.50310246 -0.39273929 0.7698336 0.86209032 0.16546837 -0.47897861 0.06073061 0.9046414 0.42182428
 0.905705 -0.33437292 0.26056325 0.40526043 0.50267453 -0.76359826 0.12434807 0.79719073 0.59078295
 0.26851544 0.543709 -0.79516034 0.26978718 0.74999119 0.60392723 0.92472392 -0.37668785 0.054698499
 0.96722796 -0.19188718 0.16628104 0.25381724 0.71303784 -0.65357008 0.006847046 0.67435625 0.73837441
 0.025038463 0.20804565 0.97779859 0.99128112 -0.13173735 0.0026459715 0.12936308 0.96920704 -0.20953023
 0.69430477 0.46574767 -0.54865288 0.42415881 0.35105975 0.83477324 0.58140364 -0.812303 0.04619148
 0.059148887 0.87056926 0.48847781 0.9851873 -0.12980887 0.11205193 0.16095772 0.47461439 -0.86535183
 0.77569472 -0.018337551 -0.63084184 0.42185153 0.75852682 0.49666724 0.4694028 -0.65138375 0.59612098
 0.063023649 0.77761281 -0.6255768 0.3321676 0.57474213 0.7478878 0.94111248 -0.25493096 -0.22207544
 0.59194782 0.80575778 -0.018766299 0.49520189 -0.34523085 0.79723945 0.63590319 -0.48121726 -0.60337143
 0.76008154 -0.085674376 0.64415523 0.64705038 0.0082323381 -0.7624028 0.060015481 0.99628918 0.061692886
 0.2192007 0.97464637 -0.044894314 0.43136437 -0.055537613 0.90046674 0.87514332 -0.21674875 -0.4326016
 0.59910656 0.17206263 -0.78196278 0.03145409 0.97082468 0.23771848 0.80005123 -0.16701463 0.57621536
 0.54709032 0.5709173 0.6121647 0.48558953 -0.81214576 0.32345337 0.68183209 0.12030256 -0.72154854
 0.78018546 -0.57883058 0.23720417 0.4689937 0.29031756 -0.83412267 0.41395117 0.76201764 0.49796943
 0.69919249 -0.56928666 0.43248417 0.629046 0.20239276 -0.75055866 0.33975137 0.79683742 0.49961899
 0.56386054 0.60448924 -0.56272022 0.42668759 0.37015359 0.82518121 0.70710608 -0.70539285 -0.049213055
 0.30856216 -0.0033207661 0.95119838 0.55358787 -0.81256665 -0.18241685 0.77351785 0.58285883 -0.24888898
 0.671017 0.44273671 -0.59474397 0.42674428 0.42534419 0.79810503 0.60632128 -0.78934564 0.096477823
 0.82054541 -0.57125515 -0.019307524 0.054840907 0.11230637 -0.99215914 0.56894437 0.81305279 0.12348063
 0.28721471 0.34007112 -0.89546599 0.61865858 0.64785194 0.44446532 0.7312792 -0.6816447 -0.024315313
 0.30298292 0.86499311 -0.39998534 0.41829256 0.25641686 0.87136773 0.85629007 -0.43132044 -0.28413025
 0.26542388 -0.17379581 0.94833811 0.69040598 -0.65231097 -0.31277784 0.67297083 0.73775702 -0.053149239
 0.10642757 0.32591313 -0.93939012 0.25778705 0.90340844 0.34263541 0.96032235 -0.27862846 0.012131379
 0.75857969 -0.5477903 -0.35282098 0.47310834 0.83538605 -0.27981895 0.44802383 0.045342425 0.89287105
 0.8363791 -0.5331541 -0.12734485 0.44290349 0.79417914 -0.4160721 0.32296517 0.29159253 0.90037064
 0.47798723 0.87751121 -0.038759356 0.76063059 -0.39144639 0.51789075 0.43928273 -0.27702672 -0.85456824
 0.71834497 0.035056412 0.69480325 0.67507951 -0.27641022 -0.68400661 0.1680719 0.96040014 -0.22222376
 0.2635175 0.9553141 0.13391601 0.51049625 -0.25589406 0.82092132 0.81850602 -0.14796351 -0.55511683
 0.14997521 0.074521347 0.98587728 0.73672867 -0.67341589 -0.061171077 0.65934688 0.7354982 -0.1558977
 0.6827538 -0.36413133 0.63344741 0.63641035 -0.1295175 -0.76039929 0.35892773 0.92229799 0.14330839
 0.67849034 -0.65682257 0.32899084 0.69971288 0.44143745 -0.56172491 0.22372472 0.61132405 0.75909825
 0.66740234 0.26352364 0.69651232 0.63135182 -0.696233 -0.34154719 0.3949291 0.66769372 -0.63104366
 0.39004396 -0.13582232 -0.91072389 0.21128905 0.97587227 -0.055047654 0.89622689 -0.17095498 0.40933086
 0.90078583 -0.086960802 -0.42546764 0.045739561 0.99329437 -0.10617994 0.43184811 0.076184679 0.89872304
 0.22716634 0.3906838 0.89205472 0.97198786 -0.14766766 -0.18284929 0.060291377 0.90860356 -0.41328503
 0.79288776 -0.59313757 -0.13970264 0.41158847 0.69034001 -0.59500051 0.44935947 0.41426862 0.79149073
 0.11609747 0.70529534 -0.69934245 0.42415303 0.60146794 0.67700113 0.8981178 -0.37522634 -0.22932424
 0.7886125 0.2886743 0.54291571 0.6081868 -0.49621886 -0.619577 0.090549055 0.81880034 -0.56689229
 0.66861892 -0.33122937 0.6657596 0.49802038 -0.46539127 -0.73170121 0.55219964 0.82079112 -0.14621043
 0.94826117 -0.18082936 0.26096263 0.24970317 -0.082868646 -0.96476998 0.19608435 0.98001711 -0.033427455
 0.83118837 0.12305854 0.54220152 0.55576418 -0.21174106 -0.80392282 0.015876754 0.96954748 -0.24438823
 0.75727321 -0.63645942 -0.14648106 0.58204518 0.75942863 -0.29067434 0.29624433 0.13486129 0.94554309
 0.3739268 -0.0087222553 -0.9274172 0.6095494 0.75597166 0.23865535 0.69901951 -0.65454623 0.28799471
 0.54277943 -0.70493177 -0.45657606 0.29053571 0.66765531 -0.6854381 0.78802252 0.23939005 0.56719742
 0.66773654 -0.36636783 -0.64799886 0.43488297 0.89849485 -0.059864864 0.6041562 -0.24182971 0.75928498
 0.41828945 -0.54003691 -0.73033833 0.47885545 0.81435581 -0.32790558 0.77183638 -0.21256705 0.59923606
 0.56816554 -0.57924009 0.58452446 0.62788881 -0.15399261 -0.76291672 0.53192439 0.80047936 0.27620507
 0.51124452 -0.85227018 0.11074557 0.63758426 0.28970587 -0.71383249 0.5762945 0.43555258 0.69150459
 0.6312323 0.64303589 -0.43364804 0.37907561 0.23199691 0.89581199 0.67664427 -0.72985086 -0.097315277
 0.18616167 0.48395727 0.85506093 0.59282001 -0.7493388 0.29505219 0.78352299 0.45196982 -0.42639771
 0.97559989 -0.079232409 0.20476101 0.2167099 0.19782794 -0.95598166 0.035237281 0.97702934 0.21017136
 0.67023662 -0.368923 -0.6439555 0.28407689 0.92914145 -0.23663578 0.68562613 -0.024330911 0.72754712
 0.36477713 -0.51667609 -0.77458599 0.81395622 0.58091124 -0.0041704047 0.45212046 -0.62895782 0.63245486
 0.47621539 0.71734377 -0.50856348 0.091280772 0.53490158 0.83996912 0.87457803 -0.44642829 0.18924867
 0.49723947 0.26065708 0.82753296 0.85343963 -0.31864582 -0.41243865 0.15618486 0.9113302 -0.38089836
 0.68400652 -0.29161469 -0.66865234 0.30488317 0.94700561 -0.1011268 0.66270758 -0.13468945 0.73666642
 0.41569344 0.90788194 -0.054308 0.90513688 -0.40711387 0.12241534 0.089029134 -0.10004343 -0.99099199
 0.66222125 0.37889351 -0.64645397 0.069478448 0.82796837 0.55645407 0.74608027 -0.41341033 0.52197331
 0.76682732 -0.56809861 0.29873038 0.20444994 -0.22498546 -0.95267086 0.60842098 0.79160945 -0.056377272
 0.17844465 -0.58034793 -0.79457774 0.55447045 0.72642207 -0.40604618 0.81284687 -0.36811311 0.45141191
 0.95408057 -0.29950944 -0.0049357048 0.013563829 0.059655699 -0.99812686 0.29924286 0.95222649 0.060978838
 0.65604272 -0.25172477 0.71150727 0.65001021 -0.29062047 -0.70215844 0.38352925 0.92313292 -0.027035772
 0.99273383 -0.12020946 0.0054064945 0.099347069 0.79343715 -0.60048951 0.067894807 0.59666337 0.79961436
 0.52846463 0.75318761 -0.39170596 0.050757255 0.43254065 0.90018459 0.84743663 -0.49559763 0.1903527
 0.71361006 -0.044373554 -0.69913637 0.021626811 0.99891165 -0.041325487 0.70020922 0.014370193 0.71379307
 0.76680805 -0.51508217 0.38300883 0.53224421 0.1767088 -0.82794329 0.3587778 0.83872782 0.40965124
 0.027958345 0.94324448 0.33092021 0.67512032 -0.26195572 0.68963161 0.73717765 0.20413 -0.64412736
 0.90952441 -0.321482 -0.26346663 0.11916637 0.80893909 -0.57568822 0.39820186 0.49220613 0.77405969
 0.025784577 0.92501601 -0.37905216 0.47290263 0.32278072 0.81986323 0.88073734 -0.20039459 -0.42911974
 0.54338131 0.18080301 -0.81978474 0.63083119 0.55636463 0.54084231 0.55388515 -0.81102939 0.18826196
 0.84804127 -0.097214868 0.52093691 0.24012837 -0.8058204 -0.54128721 0.47240276 0.58412563 -0.66002491
 0.19515266 0.066105664 0.97854253 0.8937209 -0.42292206 -0.14966592 0.40395346 0.90375161 -0.14161438
 0.50873701 0.85807524 -0.069953749 0.55297999 -0.26341011 0.79046078 0.6598483 -0.44081968 -0.60850491
 0.097616046 0.99490418 0.025234688 0.88836442 -0.098537012 0.44844077 0.44864214 -0.021357415 -0.89345626
 0.55994564 -0.59407537 -0.57752519 0.48308725 0.80039728 -0.35495198 0.67311781 -0.080241247 0.7351692
 0.66798163 -0.48576038 -0.5637707 0.35931896 0.8739448 -0.3272772 0.65168277 0.016041661 0.75832199
 0.6237263 -0.78148393 -0.015759975 0.57222009 0.47025604 -0.67188052 0.53247505 0.41005137 0.74049186
 0.059933939 0.44797468 -0.89203509 0.64957025 0.66103944 0.37561329 0.75793563 -0.60195144 -0.25137233
 0.94204863 -0.33546543 -0.0027067301 0.26975801 0.76227732 -0.58835695 0.1994367 0.5535307 0.80859679
 0.69563567 0.7067961 -0.1285702 0.11387686 0.068217067 0.99115009 0.70931169 -0.70412052 -0.033033496
 0.84001307 -0.38520403 -0.38209409 0.03228793 0.73847738 -0.67350475 0.54160459 0.55341577 0.63276809
 0.57824262 -0.54565952 -0.60654032 0.5805378 0.79753919 -0.16403385 0.57324631 -0.25726822 0.77794713
 0.068367166 0.97222794 -0.22382754 0.72188646 0.10664928 0.68374401 0.68862607 -0.20832371 -0.69454688
 0.42264044 0.29324454 -0.85754458 0.29932386 0.84794634 0.43748397 0.85544157 -0.44158197 0.27060132
 0.73180899 -0.62834331 0.26389445 0.67857355 0.63590573 -0.36764362 0.063194415 0.44811671 0.89173869
 0.74218897 0.66643946 0.070809437 0.62191369 -0.72424499 0.29781296 0.24975769 -0.17699614 -0.95199447
 0.31660085 0.50167292 -0.80503924 0.34382718 0.73028705 0.59030814 0.88405134 -0.46368643 0.058720719
 0.84815484 -0.51356878 0.12992489 0.21144152 0.10331472 -0.97191489 0.48572198 0.85180584 0.19621665
 0.53823706 -0.098203032 -0.83705258 0.34724305 0.93081045 0.11407966 0.76793433 -0.35206259 0.535097
 0.71486329 -0.2212429 -0.66334158 0.25855932 0.96502794 -0.043222105 0.64970575 -0.14061525 0.74706746
 0.58762466 0.13860997 0.79717284 0.77810214 -0.36703376 -0.50974825 0.22193316 0.91982254 -0.3235308
 0.67926077 -0.082727246 -0.72921945 0.54057225 0.72844066 0.42089886 0.4963733 -0.68009588 0.53952122
 0.48391435 -0.26972993 -0.83250986 0.60614055 0.7894762 0.096545101 0.63120562 -0.55133754 0.54553311
 0.55221003 0.82951638 -0.08346658 0.48493854 -0.23815201 0.84149762 0.67815832 -0.50515958 -0.53377438
 0.3465947 0.91376349 -0.211916 0.80313227 -0.17236485 0.57032352 0.48461395 -0.36786769 -0.79361369
 0.095758034 0.95090252 0.29430391 0.98790786 -0.12700641 0.088923724 0.12193628 0.28222999 -0.95156596
 0.029178345 0.94955598 -0.3122372 0.73285963 0.19210306 0.65269685 0.67975392 -0.24787065 -0.69028599
 0.13882642 0.98645084 -0.087418354 0.61856622 -0.017439081 0.78553912 0.77337123 -0.16312762 -0.61260617
 0.60784568 0.64898161 -0.45754399 0.36159937 0.28676788 0.88713588 0.70694379 -0.70468933 -0.060360727
 0.33259435 0.48588397 -0.80826838 0.52190516 0.61902202 0.58687881 0.78549093 -0.61703201 -0.047702121
 0.7321994 -0.68009253 -0.036853709 0.048680579 0.10622838 -0.9931494 0.6793484 0.72538933 0.11088766
 0.71647221 -0.3425374 -0.60772996 0.095976707 0.91126863 -0.40047217 0.69098194 0.22859926 0.68577426
 0.81936063 0.16104057 0.5501946 0.56506326 -0.3887632 -0.72771332 0.09670405 0.9071544 -0.40953537
 0.42280317 -0.44595796 0.78889732 0.59481417 -0.52020086 -0.61285166 0.68369114 0.72836293 0.045319542
 0.69659888 -0.68844329 -0.20197978 0.35359793 0.5743863 -0.73827426 0.62427438 0.44286139 0.64354897
 0.70471382 0.012302307 0.70938501 0.61640968 -0.50569685 -0.60358081 0.35130833 0.86262353 -0.36395482
 0.50382807 -0.066581833 0.86123407 0.85255136 -0.12207697 -0.50818637 0.13897283 0.99028484 -0.0047413731
 0.33051779 0.86419167 -0.37938205 0.57482469 0.13449303 0.80714819 0.74855499 -0.48485501 -0.45230637
 0.55884057 -0.49860544 0.66263854 0.54384234 -0.38287925 -0.74675229 0.6260453 0.77768637 0.057194288
 0.80947772 -0.45374117 -0.37264563 0.24745698 0.83918995 -0.48427809 0.53245738 0.29979856 0.79158699
 0.050453823 0.033626103 -0.99816016 0.57801166 0.81406041 0.056640787 0.81446727 -0.57980595 0.02163618
 0.6757376 -0.10271724 -0.72995059 0.37937145 0.89749449 0.22490208 0.63202531 -0.4288972 0.64543876
 0.31934644 0.33376275 0.88691616 0.78762831 -0.61390365 -0.052573319 0.52693406 0.71534938 -0.45892893
 0.1787444 0.98375874 0.016406571 0.40242016 -0.08831411 0.91118529 0.89783543 -0.15626694 -0.41167
 0.96674662 -0.21660704 -0.13594986 0.02279135 0.60246122 -0.79782269 0.25471853 0.7681939 0.58736411
 0.41306612 0.82075997 0.39462571 0.59563562 -0.57127037 0.56468431 0.68890826 0.0018011743 -0.72484631
 0.80951335 -0.51803165 0.27628127 0.38138092 0.10621976 -0.91829514 0.44635942 0.84874058 0.2835537
 0.25141413 0.10031184 -0.96266737 0.52504729 0.82141505 0.22271656 0.81309057 -0.56143998 0.15384689
 0.93366912 -0.19213172 -0.30223729 0.22274641 0.97236162 0.069977906 0.28043897 -0.13265848 0.95066067
 0.59781058 -0.35115435 0.72063384 0.5525977 -0.47072284 -0.68779052 0.58073944 0.80938905 -0.087356002
 0.14735545 0.6484513 0.74685827 0.71771401 -0.58967145 0.37037033 0.68056812 0.48145456 -0.55229389
 0.2777408 0.63767693 0.71849021 0.83797829 -0.52653112 0.14337842 0.46973657 0.56225716 -0.68059859
 0.56642033 0.61749594 0.54577172 0.81849169 -0.49875427 -0.28515879 0.096121579 0.60822935 -0.78791985
 0.36628557 0.90414444 -0.21990389 0.76728995 -0.15978687 0.6210751 0.52640384 -0.39622089 -0.75226857
 0.029341536 0.84931599 -0.52706871 0.87435738 0.23372133 0.42529227 0.48439472 -0.47332515 -0.73574796
 0.93358125 -0.34511501 0.096548863 0.35833471 0.89543432 -0.26418482 0.0047209813 0.2812348 0.95962737
 0.11133505 0.79431645 -0.5972151 0.4274242 0.50425427 0.75035738 0.89716947 -0.33880526 -0.2833689
 0.0012498143 0.92760533 0.37355963 0.92192259 -0.14577564 0.3588986 0.38737215 0.3439445 -0.85536249
 0.46483455 -0.86712648 0.17894277 0.73928464 0.26890008 -0.61737425 0.48722383 0.41926652 0.76604734
 0.42692681 -0.64990504 0.62877415 0.68663916 -0.21948334 -0.69307556 0.58843875 0.72763349 0.35254693
 0.0043023296 0.92026659 -0.39126831 0.27148656 0.37550144 0.886168 0.96243261 -0.11003667 -0.24822448
 0.52437681 -0.60498222 -0.59918735 0.40729158 0.79618332 -0.44744351 0.74775833 -0.0094149576 0.66390423
 0.12074296 0.98806149 -0.095685062 0.49002628 0.024501738 0.87136325 0.86330492 -0.15209917 -0.48121769
 0.33728774 0.94132417 -0.012074333 0.58380818 -0.19908933 0.7871032 0.73851539 -0.27252935 -0.61670314
 0.57057619 -0.71287734 0.40773608 0.709331 0.17758258 -0.68213925 0.41387479 0.67843226 0.60699038
 0.032777867 0.86634672 -0.49836631 0.22473289 0.47947688 0.84829066 0.97386895 -0.13980446 -0.17898037
 0.68140659 -0.66216236 -0.31181095 0.39821507 0.69286266 -0.60113734 0.61409268 0.28545112 0.73580421
 0.82030087 -0.52462741 0.22775547 0.49712997 0.45714425 -0.73748283 0.28278661 0.71818188 0.63580384
 0.67545801 0.32650777 -0.66117256 0.1149057 0.83907128 0.53174812 0.7283908 -0.43514602 0.52923982
 0.43536534 0.57772347 0.6904293 0.75649165 -0.65052986 0.06731481 0.48803422 0.49299747 -0.72026113
 0.80319463 -0.53367445 0.26470732 0.57664325 0.5849658 -0.57034864 0.14953577 0.61074265 0.77758116
 0.41036028 0.47160885 -0.78050595 0.19939568 0.78877629 0.58144073 0.88985718 -0.39422969 0.22964569
 0.14356899 0.35603343 0.92337865 0.92780687 -0.37306065 -0.00041394522 0.34432886 0.85677649 -0.3838902
 0.050983668 -0.003053974 0.99869482 0.81433733 -0.57877127 -0.043342026 0.57814823 0.81548421 -0.027020917
 0.0085387195 0.99988513 -0.012522779 0.81016583 0.00042313059 0.5862006 0.58613856 -0.015150931 -0.81006916
 0.018849935 0.33965822 -0.94036002 0.47754053 0.82325434 0.30693213 0.87840749 -0.45484567 -0.14668227
 0.085734654 0.99558986 0.038084067 0.9445728 -0.093381081 0.31474149 0.31690977 0.0089889211 -0.94841309
 0.89335231 -0.20683677 -0.3989238 0.19857254 0.97809487 -0.062444865 0.40310122 -0.023430048 0.91485542
 0.7993841 -0.0913628 -0.59383323 0.17033009 0.98228223 0.078161867 0.57617074 -0.16362902 0.80078263
 0.54142026 0.072751221 -0.83759857 0.15856012 0.96953622 0.18670353 0.82566506 -0.2338948 0.51339111
 0.7906379 -0.41210143 0.45284007 0.31352319 -0.36278718 -0.87754696 0.52592293 0.83579775 -0.15762994
 0.049841764 0.95763384 0.28364278 0.90955482 -0.16083932 0.38319804 0.41258432 0.23888939 -0.87903699
 0.48266312 0.75473722 0.44430626 0.7775061 -0.60277434 0.17929684 0.40313841 0.25891085 -0.87774973
 0.30902519 0.62333681 0.71829983 0.9438516 -0.29377994 -0.15112083 0.1168229 0.72466859 -0.67912285
 0.24778474 0.19349766 0.9492952 0.79511226 -0.60045517 -0.085147399 0.55353339 0.77589448 -0.30263599
 0.39687398 0.5705745 -0.71898246 0.47871986 0.53966659 0.69252239 0.78314644 -0.6190353 -0.058965718
 0.36788839 0.91755461 0.15083656 0.17954772 -0.22925431 0.95666351 0.91237095 -0.32486304 -0.24908484
 0.22714416 0.95957968 -0.16616969 0.71335824 -0.047786089 0.69916844 0.66296723 -0.27735054 -0.69537841
 0.77039162 -0.59114307 0.23884436 0.55244232 0.43190631 -0.71292666 0.31828327 0.68118045 0.65930945
 0.96027927 -0.2342825 -0.15157647 0.17700309 0.93135947 -0.31818148 0.21571653 0.27871357 0.93583392
 0.093838858 -0.13077182 -0.9869615 0.64739061 0.76114456 -0.039298256 0.75635948 -0.6352619 0.15608539
 0.60533455 -0.1461793 0.78243319 0.71760909 -0.32508795 -0.61591802 0.34439407 0.93431763 -0.091887375
 0.63174796 0.36817198 0.68216121 0.76654376 -0.42765882 -0.47908098 0.11534807 0.82556485 -0.55239252
 0.73178695 -0.68123484 0.020173194 0.12939798 0.10981707 -0.98549296 0.66913677 0.72378126 0.16851311
 0.93170909 -0.35267465 0.086826014 0.22521641 0.37343565 -0.89990188 0.28494865 0.8580014 0.42736151
 0.69408594 -0.6917351 0.19936717 0.49498549 0.25748726 -0.82987329 0.52271797 0.67468724 0.52111712
 0.44100271 0.89286953 0.091107707 0.84792977 -0.44776174 0.28376843 0.29416273 -0.047889711 -0.9545548
 0.069550351 0.21586582 -0.97394286 0.25326748 0.94049754 0.22653908 0.96489291 -0.26242392 0.010740142
 0.13383636 0.84068065 0.5247322 0.62089462 -0.48382036 0.61677202 0.77238443 0.24325687 -0.58672685
 0.89737988 0.43946961 -0.039696524 0.0037560699 0.082351059 0.9965963 0.44124284 -0.89447458 0.072249505
 0.39200312 0.76824801 -0.50609144 0.57410366 0.22556934 0.78709813 0.71884528 -0.59909387 -0.35263011
 0.51218968 0.58133811 0.63222443 0.84024157 -0.49165132 -0.22863308 0.17792085 0.64832475 -0.74028318
 0.5120422 0.61477593 -0.59988611 0.43535983 0.41628666 0.79822756 0.74045567 -0.66989251 -0.054492404
 0.68155324 -0.3164716 0.65979611 0.73034762 0.23802114 -0.64026424 0.045580018 0.91825468 0.39335836
 0.97485084 -0.097621982 -0.20033916 0.12160872 0.9863383 0.1111219 0.18675425 -0.13269027 0.97340441
 0.27232643 0.88946489 -0.36700207 0.015244523 0.37738153 0.92593239 0.96208415 -0.25775063 0.089211496
 0.85460582 -0.32831883 -0.40231285 0.19082187 0.91910782 -0.34471412 0.48294503 0.2178246 0.84812531
 0.56702037 0.15658888 -0.80868277 0.76917222 0.25062172 0.58784594 0.29472361 -0.95533694 0.021663802
 0.89466106 0.41009773 -0.17720448 0.041095909 0.31942639 0.94671955 0.44485133 -0.8542755 0.26892501
 0.55317947 -0.34126334 -0.75995513 0.096408868 0.93233877 -0.34849641 0.82746468 0.11951465 0.54865148
 0.62512948 0.42523265 -0.65451534 0.52453872 0.39209181 0.7557269 0.57798985 -0.8157458 0.022057161
 0.36294369 0.61304313 0.70174782 0.92797928 -0.30602791 -0.21260616 0.084417676 0.7283715 -0.67996221
 0.29754612 0.28834915 -0.91012146 0.50656472 0.76035586 0.40651094 0.80923327 -0.58199118 0.08017343
 0.6711426 0.23700823 0.70242061 0.43121726 -0.89553633 -0.109847 0.60300853 0.37661889 -0.70323462
 0.7835066 -0.48532756 0.38803938 0.42652122 -0.034083057 -0.90383516 0.45188168 0.87366785 0.1802982
 0.21618095 0.96383659 0.15583588 0.26275721 -0.21115452 0.94147353 0.94033209 -0.16258164 -0.2989026
 0.8001605 -0.37202311 0.47046996 0.59971544 0.48422223 -0.63707945 0.0091962652 0.79191391 0.61056351
 0.36420921 0.85080857 -0.37878282 0.45735665 0.19089958 0.86855181 0.8112808 -0.48957341 -0.31959558
 0.64722888 0.016585626 -0.76211527 0.18507518 0.96643115 0.17820778 0.73948763 -0.25638984 0.62243256
 0.8533581 0.48430739 0.19294122 0.4097455 -0.85190638 0.32613516 0.32231752 -0.19925328 -0.92542398
